101,156011,1,0,0
101,156009,2,0,0
101,156013,3,0,0
101,156025,4,0,0
101,156062,5,0,0
101,156028,6,0,0
101,156098,7,0,0
101,156036,8,0,0
101,156038,9,0,0
101,156041,10,0,0
101,156042,11,0,0
101,156043,12,0,0
101,156046,13,0,0
101,156048,14,0,0
101,156049,15,0,0
101,156050,16,0,0
101,156052,17,0,0
101,156053,18,0,0
101,156054,19,0,0
101,156063,20,0,0
101,156055,21,0,0
101,156057,22,0,0
101,156058,23,0,0
101,156059,24,0,0
101,156051,25,0,0
101,156047,26,0,0
101,156045,27,0,0
101,156044,28,0,0
101,156040,29,0,0
101,156039,30,0,0
101,156037,31,0,0
101,156034,32,0,0
101,156035,33,0,0
101,156029,34,0,0
101,156026,35,0,0
101,156012,36,0,0
101,156010,37,0,0
301,156011,1,0,0
301,156009,2,0,0
301,156070,3,0,0
301,156064,4,0,0
301,156065,5,0,0
301,156080,6,0,0
301,156020,7,0,0
301,156021,8,0,0
301,156022,9,0,0
301,156023,10,0,0
301,156071,11,0,0
301,156024,12,0,0
301,156069,13,0,0
301,156079,14,0,0
301,156018,15,0,0
301,156017,16,0,0
301,156015,17,0,0
301,156014,18,0,0
301,156012,19,0,0
301,156010,20,0,0
500,156083,1,0,0
500,156078,2,0,0
500,156076,3,0,0
500,156077,4,0,0
500,156099,5,0,0
500,156074,6,0,0
500,156073,7,0,0
500,156072,8,0,0
500,156075,9,0,0
500,156079,10,0,0
500,156081,11,0,0
500,156082,12,0,0
500,156011,13,0,0
500,156097,14,0,0
500,156084,15,0,0
500,156085,16,0,0
500,156050,17,0,0
500,156052,18,0,0
500,156055,19,0,0
500,156100,20,0,0
500,156103,21,0,0
500,156104,22,0,0
500,156087,23,1,1
501,156087,1,0,0
501,156101,2,0,0
501,156089,3,0,0
501,156090,4,0,0
501,156051,5,0,0
501,156091,6,0,0
501,156092,7,0,0
501,156011,8,0,0
501,156094,9,0,0
501,156095,10,0,0
501,156067,11,0,0
501,156016,12,0,0
501,156096,13,0,0
501,156068,14,0,0
501,156065,15,0,0
501,156080,16,0,0
501,156060,17,0,0
501,156000,18,0,0
501,156001,19,0,0
501,156074,20,0,0
501,156003,21,0,0
501,156002,22,0,0
501,156076,23,0,0
501,156077,24,0,0
501,156102,25,0,0
501,156083,26,1,1
